1.028115294937453
1.073809308045784
0.940881269912457
0.839627490865586
0.904088687929125
1.009661943489857
0.926409265760844
0.970997778552039
0.993008919012759
0.955104208775228
0.899096904984517
0.937543233240582
0.933730939992375
0.929457766635374
0.916132783939571
0.922598198878082
0.945189123000111
0.922912799641527
0.911369602105727
0.949578709907508
0.963646019017283
0.936942806518471
0.950311975320564
0.935348570049418
0.949944545239729
0.961750180661067
0.977886761444325
0.939919129930563
0.915824688256341
0.931876191986687
0.933701175137457
0.933651710146191
0.944248332990174
0.959161377566146
0.957570151893011
0.958405962439800
0.942155010609349
0.941517770095051
0.925124338690664
0.924254668203975
0.946275271459845
0.953252530742978
0.917670049983666
0.969093861339192
0.949649783740115
0.975951333070420
0.948299129183290
0.945343300853505
0.946207354427913
0.963474983711033
0.965581854687605
0.948061525878521
0.906001984044499
0.942310183856207
0.946675411796036
0.959077601219431
0.924693969895109
0.958376005700437
0.930132256519588
0.956332470290919
0.942040526058968
0.937847220022465
0.919683842609644
0.959140471353041
0.913880262166625
0.938128925564604
0.937003365476732
0.943662967139019
0.940680269854795
0.935406632503786
0.957426266111744
0.936855622690196
0.950081059255219
0.929236446899752
0.951630167874720
0.959209695383134
0.954896935350481
0.928322411387393
0.942044602727003
0.938804269316623
0.939746947891291
0.936783542135948
0.954070981725412
0.925468527510204
0.933037015880687
0.928199864866066
0.945102737480786
0.938194507673810
0.926935694483291
0.962340504768061
0.943768807326176
0.946347060954123
0.927162252961671
0.958397605409505
0.953607859550620
0.942871001575692
0.958149306051203
0.951676544614257
0.940310200502197
0.928343891315834
0.959984700542396
0.945351336412185
0.930870208332149
0.962363735377499
0.960100501913440
0.947716418261102
0.950151498560526
0.937579768965349
0.947158341953468
0.946016710946110
0.939795650726250
0.948849331550788
0.942591740991378
0.928452292848698
0.930165256330452
0.937679227327214
0.964175135458841
0.944953750602922
0.932784130533777
0.952214165780996
0.944748430755614
0.944870756205443
0.930407883929213
0.936986893795269
0.945998517757263
0.939647013967329
0.952405167037674
0.936511730923109
0.957542638186676
0.957133960333412
0.946729414447268
0.955499428069411
0.958537346081877
0.955560611961386
0.955794815174341
0.951361519960367
0.929178698273379
0.937493276229166
0.944298852658423
0.943719240554177
0.946863387177774
0.940934224601869
0.942414920141448
0.935642355001738
0.951208658450684
0.959951911746926
0.950572992254984
0.947281592400704
0.946347060954123
0.947354495630033
0.951634103889287
0.936999256894054
0.953089448184680
0.936309699410401
0.942683492219347
0.935107957689245
0.951324779950660
0.940215361324480
0.932105876750289
0.944677797383483
0.946139893143855
0.940440615939892
0.934304528198400
0.937987213935174
0.951142310614892
0.927129313182902
0.950006575779349
0.936371992303082
0.945067376939731
0.931785185742762
0.940002632762633
0.949245079554790
0.949623488448229
0.946119340699177
0.936360037846211
0.946272935842736
0.939268706453263
0.955164751436624
0.948727716607827
0.944733920571246
0.942381966236416
0.940434233360373
0.948740129466614
0.950146143749328
0.946699577770491
0.930485052027266
0.940653714530314
0.947418496146778
0.943841161303543
0.928056998791672
0.942421002215361
0.950684017494465
0.944525206441671
0.940984474911007
0.933103747598914
0.954588197000327
0.960971645706403
0.941778635281448
0.953211234095390
0.955720563326060
